   1.5900000e+02   2.9455250e+02
   1.6000000e+02   2.9833259e+02
   1.6100000e+02   3.0009106e+02
   1.6200000e+02   3.0061412e+02
   1.6300000e+02   2.9932118e+02
   1.6400000e+02   2.9965624e+02
   1.6500000e+02   2.9974835e+02
   1.6600000e+02   2.9601847e+02
   1.6700000e+02   2.8663882e+02
   1.6800000e+02   2.9627153e+02
   1.6900000e+02   2.9969210e+02
   1.7000000e+02   2.9977729e+02
   1.7100000e+02   3.0217706e+02
   1.7200000e+02   3.0266929e+02
   1.7300000e+02   2.9051494e+02
   1.7400000e+02   2.8949412e+02
   1.7500000e+02   2.9058118e+02
   1.7600000e+02   2.8459235e+02
   1.7700000e+02   2.5687247e+02
   1.7800000e+02   2.6290612e+02
   1.7900000e+02   2.7615906e+02
   1.8000000e+02   2.8016847e+02
   1.8100000e+02   2.7743106e+02
   1.8200000e+02   2.9439588e+02
   1.8300000e+02   2.8172200e+02
   1.8400000e+02   2.8749306e+02
   1.8500000e+02   2.7921471e+02
   1.8600000e+02   2.8117647e+02
   1.8700000e+02   2.6797529e+02
   1.8800000e+02   2.6326059e+02
   1.8900000e+02   2.6415294e+02
   1.9000000e+02   2.6043224e+02
   1.9100000e+02   2.5438506e+02
   1.9200000e+02   2.5485788e+02
   1.9300000e+02   2.5880471e+02
   1.9400000e+02   2.6092812e+02
   1.9500000e+02   2.5560282e+02
   1.9600000e+02   2.6326871e+02
   1.9700000e+02   2.8524329e+02
   1.9800000e+02   2.8082059e+02
   1.9900000e+02   2.7579306e+02
   2.0000000e+02   2.6264941e+02
   2.0100000e+02   2.5404282e+02
   2.0200000e+02   2.4949741e+02
   2.0300000e+02   2.5410894e+02
   2.0400000e+02   2.5053235e+02
   2.0500000e+02   2.6607553e+02
   2.0600000e+02   2.8644047e+02
   2.0700000e+02   2.6093624e+02
   2.0800000e+02   2.5884012e+02
   2.0900000e+02   2.6748718e+02
   2.1000000e+02   2.8815635e+02
   2.1100000e+02   2.9054600e+02
   2.1200000e+02   2.8880400e+02
   2.1300000e+02   2.8622024e+02
   2.1400000e+02   2.8944835e+02
   2.1500000e+02   2.8555588e+02
   2.1600000e+02   2.6117565e+02
   2.1700000e+02   2.7125247e+02
   2.1800000e+02   2.5661847e+02
   2.1900000e+02   2.8346906e+02
   2.2000000e+02   2.7120682e+02
   2.2100000e+02   2.6936824e+02
   2.2200000e+02   2.6130047e+02
   2.2300000e+02   2.6603506e+02
   2.2400000e+02   2.6532282e+02
   2.2500000e+02   2.6295525e+02
   2.2600000e+02   2.5678210e+02
   2.2700000e+02   2.5924782e+02
   2.2800000e+02   2.7850390e+02
   2.2900000e+02   2.8278759e+02
   2.3000000e+02   2.7536114e+02
   2.3100000e+02   2.8805494e+02
   2.3200000e+02   2.9248443e+02
   2.3300000e+02   2.9552580e+02
   2.3400000e+02   2.9560603e+02
   2.3500000e+02   2.9155577e+02
   2.3600000e+02   2.8306641e+02
   2.3700000e+02   2.8517385e+02
   2.3800000e+02   2.5445167e+02
   2.3900000e+02   2.6094147e+02
   2.4000000e+02   2.6512538e+02
   2.4100000e+02   2.6409218e+02
   2.4200000e+02   2.6912462e+02
   2.4300000e+02   2.7710231e+02
   2.4400000e+02   2.6781000e+02
   2.4500000e+02   2.8851333e+02
   2.4600000e+02   2.9020987e+02
   2.4700000e+02   2.8697945e+02
   2.4800000e+02   2.9202028e+02
   2.4900000e+02   2.9520632e+02
   2.5000000e+02   2.9357329e+02
   2.5100000e+02   2.8613733e+02
   2.5200000e+02   2.8432760e+02
   2.5300000e+02   2.8422093e+02
   2.5400000e+02   2.7668920e+02
   2.5500000e+02   2.6939307e+02
   2.5600000e+02   2.8693733e+02
   2.5700000e+02   2.9166333e+02
   2.5800000e+02   2.9407043e+02
   2.5900000e+02   2.9386607e+02
