   1.5900000e+02   2.9370333e+02
   1.6000000e+02   2.9812882e+02
   1.6100000e+02   2.9341953e+02
   1.6200000e+02   2.5445929e+02
   1.6300000e+02   2.9093871e+02
   1.6400000e+02   2.9659953e+02
   1.6500000e+02   2.9834329e+02
   1.6600000e+02   2.9355424e+02
   1.6700000e+02   2.7875259e+02
   1.6800000e+02   2.9455506e+02
   1.6900000e+02   2.9639647e+02
   1.7000000e+02   2.9691235e+02
   1.7100000e+02   2.9825729e+02
   1.7200000e+02   2.9786953e+02
   1.7300000e+02   2.9858365e+02
   1.7400000e+02   2.9605435e+02
   1.7500000e+02   3.0059918e+02
   1.7600000e+02   3.0066624e+02
   1.7700000e+02   2.9838688e+02
   1.7800000e+02   2.9482012e+02
   1.7900000e+02   2.9114953e+02
   1.8000000e+02   2.9586129e+02
   1.8100000e+02   3.0082388e+02
   1.8200000e+02   2.9451624e+02
   1.8300000e+02   2.9567988e+02
   1.8400000e+02   2.9278329e+02
   1.8500000e+02   2.9199753e+02
   1.8600000e+02   2.7327318e+02
   1.8700000e+02   2.6816141e+02
   1.8800000e+02   2.6948247e+02
   1.8900000e+02   2.7816706e+02
   1.9000000e+02   2.6505918e+02
   1.9100000e+02   2.7147706e+02
   1.9200000e+02   2.7605200e+02
   1.9300000e+02   2.6064918e+02
   1.9400000e+02   2.7613776e+02
   1.9500000e+02   2.6136341e+02
   1.9600000e+02   2.7134188e+02
   1.9700000e+02   2.7030635e+02
   1.9800000e+02   2.8598976e+02
   1.9900000e+02   2.8295412e+02
   2.0000000e+02   2.7579419e+02
   2.0100000e+02   2.7068235e+02
   2.0200000e+02   2.5983824e+02
   2.0300000e+02   2.6554919e+02
   2.0400000e+02   2.4641659e+02
   2.0500000e+02   2.6587822e+02
   2.0600000e+02   2.6420256e+02
   2.0700000e+02   2.7092965e+02
   2.0800000e+02   2.6055471e+02
   2.0900000e+02   2.4932953e+02
   2.1000000e+02   2.7496767e+02
   2.1100000e+02   2.7021965e+02
   2.1200000e+02   2.6695706e+02
   2.1300000e+02   2.6763812e+02
   2.1400000e+02   2.6751259e+02
   2.1500000e+02   2.5591233e+02
   2.1600000e+02   2.4484071e+02
   2.1700000e+02   2.4215518e+02
   2.1800000e+02   2.6133849e+02
   2.1900000e+02   2.6933118e+02
   2.2000000e+02   2.9049118e+02
   2.2100000e+02   2.8049153e+02
   2.2200000e+02   2.7583541e+02
   2.2300000e+02   2.8868729e+02
   2.2400000e+02   2.9462200e+02
   2.2500000e+02   2.9301159e+02
   2.2600000e+02   2.7798975e+02
   2.2700000e+02   2.8712872e+02
   2.2800000e+02   2.8671359e+02
   2.2900000e+02   2.8982936e+02
   2.3000000e+02   2.8599487e+02
   2.3100000e+02   2.7070355e+02
   2.3200000e+02   2.8487093e+02
   2.3300000e+02   2.9323192e+02
   2.3400000e+02   2.9481360e+02
   2.3500000e+02   2.7751147e+02
   2.3600000e+02   2.5566493e+02
   2.3700000e+02   2.5437333e+02
   2.3800000e+02   2.7084027e+02
   2.3900000e+02   2.7146747e+02
   2.4000000e+02   2.8388028e+02
   2.4100000e+02   2.9059813e+02
   2.4200000e+02   2.8826187e+02
   2.4300000e+02   2.8784987e+02
   2.4400000e+02   2.7903360e+02
   2.4500000e+02   2.9356960e+02
   2.4600000e+02   2.9681893e+02
   2.4700000e+02   2.9332292e+02
   2.4800000e+02   2.7432750e+02
   2.4900000e+02   2.6752708e+02
   2.5000000e+02   2.6835569e+02
   2.5100000e+02   2.8849213e+02
   2.5200000e+02   2.7901933e+02
   2.5300000e+02   2.9199108e+02
   2.5400000e+02   2.9470515e+02
   2.5500000e+02   2.9085414e+02
   2.5600000e+02   2.9430871e+02
   2.5700000e+02   2.9315986e+02
   2.5800000e+02   2.6952343e+02
   2.5900000e+02   2.6927518e+02
