   1.6100000e+02   3.0769473e+02
   1.6200000e+02   3.0158082e+02
   1.6300000e+02   3.0015686e+02
   1.6400000e+02   2.9991395e+02
   1.6500000e+02   2.9050477e+02
   1.6600000e+02   2.8816523e+02
   1.6700000e+02   2.9360558e+02
   1.6800000e+02   3.0109163e+02
   1.6900000e+02   3.0146430e+02
   1.7000000e+02   3.0119442e+02
   1.7100000e+02   3.0118500e+02
   1.7200000e+02   2.9036384e+02
   1.7300000e+02   2.9409581e+02
   1.7400000e+02   2.9816000e+02
   1.7500000e+02   2.9801140e+02
   1.7600000e+02   3.0112802e+02
   1.7700000e+02   3.0115494e+02
   1.7800000e+02   2.9988372e+02
   1.7900000e+02   2.8348128e+02
   1.8000000e+02   2.8016221e+02
   1.8100000e+02   2.6518558e+02
   1.8200000e+02   2.6898163e+02
   1.8300000e+02   2.6504709e+02
   1.8400000e+02   2.7547765e+02
   1.8500000e+02   2.7387174e+02
   1.8600000e+02   2.4584802e+02
   1.8700000e+02   2.7289628e+02
   1.8800000e+02   2.6327581e+02
   1.8900000e+02   2.5505500e+02
   1.9000000e+02   2.4682047e+02
   1.9100000e+02   2.5722465e+02
   1.9200000e+02   2.5605581e+02
   1.9300000e+02   2.5547081e+02
   1.9400000e+02   2.6727093e+02
   1.9500000e+02   2.7069047e+02
   1.9600000e+02   2.5725733e+02
   1.9700000e+02   2.5202791e+02
   1.9800000e+02   2.7777412e+02
   1.9900000e+02   2.7064395e+02
   2.0000000e+02   2.5379686e+02
   2.0100000e+02   2.6507640e+02
   2.0200000e+02   2.7444756e+02
   2.0300000e+02   2.7675721e+02
   2.0400000e+02   2.6778500e+02
   2.0500000e+02   2.6118682e+02
   2.0600000e+02   2.5059616e+02
   2.0700000e+02   2.5475477e+02
   2.0800000e+02   2.6379977e+02
   2.0900000e+02   2.8383837e+02
   2.1000000e+02   2.8376593e+02
   2.1100000e+02   2.8277756e+02
   2.1200000e+02   2.6192576e+02
   2.1300000e+02   2.4785930e+02
   2.1400000e+02   2.5903523e+02
   2.1500000e+02   2.6716686e+02
   2.1600000e+02   2.6208000e+02
   2.1700000e+02   2.4985471e+02
   2.1800000e+02   2.7688907e+02
   2.1900000e+02   2.9139849e+02
   2.2000000e+02   2.9525174e+02
   2.2100000e+02   2.9328000e+02
   2.2200000e+02   2.8434058e+02
   2.2300000e+02   2.8769930e+02
   2.2400000e+02   2.9066326e+02
   2.2500000e+02   2.8617872e+02
   2.2600000e+02   2.5877071e+02
   2.2700000e+02   2.8111198e+02
   2.2800000e+02   2.8598512e+02
   2.2900000e+02   2.8960163e+02
   2.3000000e+02   2.6834256e+02
   2.3100000e+02   2.6481709e+02
   2.3200000e+02   2.5434720e+02
   2.3300000e+02   2.7021388e+02
   2.3400000e+02   2.7695271e+02
   2.3500000e+02   2.7181000e+02
   2.3600000e+02   2.5700776e+02
   2.3700000e+02   2.5818929e+02
   2.3800000e+02   2.7813647e+02
   2.3900000e+02   2.9252659e+02
   2.4000000e+02   2.7832241e+02
   2.4100000e+02   2.5665133e+02
   2.4200000e+02   2.6138131e+02
   2.4300000e+02   2.8955036e+02
   2.4400000e+02   2.9125298e+02
   2.4500000e+02   2.7624464e+02
   2.4600000e+02   2.7863506e+02
   2.4700000e+02   2.9450417e+02
   2.4800000e+02   2.9015082e+02
   2.4900000e+02   2.7600212e+02
   2.5000000e+02   2.5922600e+02
   2.5100000e+02   2.5772988e+02
   2.5200000e+02   2.6439434e+02
   2.5300000e+02   2.8457605e+02
   2.5400000e+02   2.9150565e+02
   2.5500000e+02   2.8707512e+02
   2.5600000e+02   2.9212012e+02
   2.5700000e+02   2.9112093e+02
   2.5800000e+02   2.9164058e+02
   2.5900000e+02   2.9420919e+02
