   1.5900000e+02   2.9267625e+02
   1.6000000e+02   2.9827593e+02
   1.6100000e+02   2.9886616e+02
   1.6200000e+02   2.9918767e+02
   1.6300000e+02   2.9926151e+02
   1.6400000e+02   2.9901814e+02
   1.6500000e+02   3.0048977e+02
   1.6600000e+02   3.0153802e+02
   1.6700000e+02   2.9251709e+02
   1.6800000e+02   2.9333632e+02
   1.6900000e+02   2.9938593e+02
   1.7000000e+02   2.9927128e+02
   1.7100000e+02   2.9942035e+02
   1.7200000e+02   3.0212554e+02
   1.7300000e+02   3.0305047e+02
   1.7400000e+02   3.0277977e+02
   1.7500000e+02   3.0228930e+02
   1.7600000e+02   3.0231384e+02
   1.7700000e+02   2.9647895e+02
   1.7800000e+02   2.9945593e+02
   1.7900000e+02   2.8687907e+02
   1.8000000e+02   2.8400233e+02
   1.8100000e+02   2.7677012e+02
   1.8200000e+02   2.9546942e+02
   1.8300000e+02   2.9180767e+02
   1.8400000e+02   2.8326302e+02
   1.8500000e+02   2.7252674e+02
   1.8600000e+02   2.7875756e+02
   1.8700000e+02   2.8178140e+02
   1.8800000e+02   2.7484953e+02
   1.8900000e+02   2.7670105e+02
   1.9000000e+02   2.6392058e+02
   1.9100000e+02   2.6496744e+02
   1.9200000e+02   2.6492814e+02
   1.9300000e+02   2.8288106e+02
   1.9400000e+02   2.9330977e+02
   1.9500000e+02   2.9682360e+02
   1.9600000e+02   2.9687535e+02
   1.9700000e+02   2.8758686e+02
   1.9800000e+02   2.6969512e+02
   1.9900000e+02   2.7277895e+02
   2.0000000e+02   2.6459767e+02
   2.0100000e+02   2.5676291e+02
   2.0200000e+02   2.6788128e+02
   2.0300000e+02   2.6730849e+02
   2.0400000e+02   2.6343814e+02
   2.0500000e+02   2.4784953e+02
   2.0600000e+02   2.6183151e+02
   2.0700000e+02   2.7486873e+02
   2.0800000e+02   2.8343128e+02
   2.0900000e+02   2.6882488e+02
   2.1000000e+02   2.6315895e+02
   2.1100000e+02   2.7376698e+02
   2.1200000e+02   2.6715116e+02
   2.1300000e+02   2.7912151e+02
   2.1400000e+02   2.8419988e+02
   2.1500000e+02   2.7181151e+02
   2.1600000e+02   2.7467419e+02
   2.1700000e+02   2.7054791e+02
   2.1800000e+02   2.6430663e+02
   2.1900000e+02   2.5302966e+02
   2.2000000e+02   2.7192047e+02
   2.2100000e+02   2.6385826e+02
   2.2200000e+02   2.6556000e+02
   2.2300000e+02   2.6564686e+02
   2.2400000e+02   2.6673919e+02
   2.2500000e+02   2.6908157e+02
   2.2600000e+02   2.7345613e+02
   2.2700000e+02   2.5384225e+02
   2.2800000e+02   2.7632568e+02
   2.2900000e+02   2.7445551e+02
   2.3000000e+02   2.5998218e+02
   2.3100000e+02   2.6319192e+02
   2.3200000e+02   2.7425590e+02
   2.3300000e+02   2.7096128e+02
   2.3400000e+02   2.8485296e+02
   2.3500000e+02   2.8247716e+02
   2.3600000e+02   2.8004222e+02
   2.3700000e+02   2.7508275e+02
   2.3800000e+02   2.9347253e+02
   2.3900000e+02   2.8579747e+02
   2.4000000e+02   2.9089873e+02
   2.4100000e+02   2.9418797e+02
   2.4200000e+02   2.8857649e+02
   2.4300000e+02   2.6916494e+02
   2.4400000e+02   2.7140923e+02
   2.4500000e+02   2.8455716e+02
   2.4600000e+02   2.9353537e+02
   2.4700000e+02   2.8360707e+02
   2.4800000e+02   2.6223134e+02
   2.4900000e+02   2.7568000e+02
   2.5000000e+02   2.8195146e+02
   2.5100000e+02   2.8710422e+02
   2.5200000e+02   2.6807349e+02
   2.5300000e+02   2.7007861e+02
   2.5400000e+02   2.7408862e+02
   2.5500000e+02   2.5437225e+02
   2.5600000e+02   2.7560663e+02
   2.5700000e+02   2.7839141e+02
   2.5800000e+02   2.7844089e+02
   2.5900000e+02   2.8857362e+02
