   1.5900000e+02   2.9506167e+02
   1.6000000e+02   3.0049733e+02
   1.6100000e+02   2.9989326e+02
   1.6200000e+02   2.9921849e+02
   1.6300000e+02   2.9716849e+02
   1.6400000e+02   2.9437826e+02
   1.6500000e+02   2.9291814e+02
   1.6600000e+02   3.0037640e+02
   1.6700000e+02   2.9964651e+02
   1.6800000e+02   2.7429093e+02
   1.6900000e+02   2.9847779e+02
   1.7000000e+02   3.0231198e+02
   1.7100000e+02   3.0217651e+02
   1.7200000e+02   3.0185465e+02
   1.7300000e+02   3.0259605e+02
   1.7400000e+02   2.9731535e+02
   1.7500000e+02   2.8839302e+02
   1.7600000e+02   2.7897128e+02
   1.7700000e+02   2.7671733e+02
   1.7800000e+02   2.7698023e+02
   1.7900000e+02   2.7429430e+02
   1.8000000e+02   2.8470919e+02
   1.8100000e+02   2.9185372e+02
   1.8200000e+02   2.9290209e+02
   1.8300000e+02   2.8146349e+02
   1.8400000e+02   2.7661488e+02
   1.8500000e+02   2.6829221e+02
   1.8600000e+02   2.6964326e+02
   1.8700000e+02   2.8809233e+02
   1.8800000e+02   2.8728884e+02
   1.8900000e+02   2.6951779e+02
   1.9000000e+02   2.7333116e+02
   1.9100000e+02   2.7872849e+02
   1.9200000e+02   2.7186070e+02
   1.9300000e+02   2.6875523e+02
   1.9400000e+02   2.5682895e+02
   1.9500000e+02   2.4210070e+02
   1.9600000e+02   2.5761360e+02
   1.9700000e+02   2.5749012e+02
   1.9800000e+02   2.7324640e+02
   1.9900000e+02   2.8407826e+02
   2.0000000e+02   2.8299709e+02
   2.0100000e+02   2.6718465e+02
   2.0200000e+02   2.7351558e+02
   2.0300000e+02   2.6400581e+02
   2.0400000e+02   2.5815395e+02
   2.0500000e+02   2.6842570e+02
   2.0600000e+02   2.6300882e+02
   2.0700000e+02   2.8036558e+02
   2.0800000e+02   2.8260395e+02
   2.0900000e+02   2.5747541e+02
   2.1000000e+02   2.4912512e+02
   2.1100000e+02   2.6849977e+02
   2.1200000e+02   2.8401616e+02
   2.1300000e+02   2.7770244e+02
   2.1400000e+02   2.8544264e+02
   2.1500000e+02   2.8439791e+02
   2.1600000e+02   2.7948698e+02
   2.1700000e+02   2.7868663e+02
   2.1800000e+02   2.7277826e+02
   2.1900000e+02   2.9005477e+02
   2.2000000e+02   2.8946640e+02
   2.2100000e+02   2.6789116e+02
   2.2200000e+02   2.9043663e+02
   2.2300000e+02   2.9259558e+02
   2.2400000e+02   2.8527837e+02
   2.2500000e+02   2.9718395e+02
   2.2600000e+02   2.8583942e+02
   2.2700000e+02   2.6657267e+02
   2.2800000e+02   2.6084583e+02
   2.2900000e+02   2.4922477e+02
   2.3000000e+02   2.5300663e+02
   2.3100000e+02   2.7102314e+02
   2.3200000e+02   2.7466930e+02
   2.3300000e+02   2.6844023e+02
   2.3400000e+02   2.5059965e+02
   2.3500000e+02   2.5765558e+02
   2.3600000e+02   2.8460500e+02
   2.3700000e+02   2.8963570e+02
   2.3800000e+02   2.9135814e+02
   2.3900000e+02   2.8297942e+02
   2.4000000e+02   2.8404702e+02
   2.4100000e+02   2.9473810e+02
   2.4200000e+02   2.9498554e+02
   2.4300000e+02   2.8498571e+02
   2.4400000e+02   2.8604711e+02
   2.4500000e+02   2.9178614e+02
   2.4600000e+02   2.8343289e+02
   2.4700000e+02   2.7841595e+02
   2.4800000e+02   2.7177143e+02
   2.4900000e+02   2.7442694e+02
   2.5000000e+02   2.5933294e+02
   2.5100000e+02   2.5737244e+02
   2.5200000e+02   2.6548488e+02
   2.5300000e+02   2.7174023e+02
   2.5400000e+02   2.6305849e+02
   2.5500000e+02   2.6449430e+02
   2.5600000e+02   2.8573791e+02
   2.5700000e+02   2.8497105e+02
   2.5800000e+02   2.8859535e+02
   2.5900000e+02   2.9266484e+02
