   1.4900000e+02   2.9167083e+02
   1.5000000e+02   2.9683965e+02
   1.5100000e+02   2.9658814e+02
   1.5200000e+02   2.9435930e+02
   1.5300000e+02   2.9603628e+02
   1.5400000e+02   2.9316895e+02
   1.5500000e+02   2.9856779e+02
   1.5600000e+02   3.0026884e+02
   1.5700000e+02   2.9247174e+02
   1.5800000e+02   2.7738012e+02
   1.5900000e+02   2.9612128e+02
   1.6000000e+02   2.8893430e+02
   1.6100000e+02   2.9461709e+02
   1.6200000e+02   2.9529105e+02
   1.6300000e+02   2.9323523e+02
   1.6400000e+02   2.9534140e+02
   1.6500000e+02   2.9737547e+02
   1.6600000e+02   2.9924570e+02
   1.6700000e+02   2.9958651e+02
   1.6800000e+02   3.0040128e+02
   1.6900000e+02   3.0064826e+02
   1.7000000e+02   2.9987488e+02
   1.7100000e+02   2.9889198e+02
   1.7200000e+02   2.9926430e+02
   1.7300000e+02   2.9237183e+02
   1.7400000e+02   2.9649506e+02
   1.7500000e+02   2.7673058e+02
   1.7600000e+02   2.8569640e+02
   1.7700000e+02   2.9840151e+02
   1.7800000e+02   2.9943093e+02
   1.7900000e+02   2.9018651e+02
   1.8000000e+02   2.9234337e+02
   1.8100000e+02   2.9189221e+02
   1.8200000e+02   2.8567105e+02
   1.8300000e+02   2.8429767e+02
   1.8400000e+02   2.9588640e+02
   1.8500000e+02   2.9930233e+02
   1.8600000e+02   2.9947826e+02
   1.8700000e+02   2.9545488e+02
   1.8800000e+02   2.8522000e+02
   1.8900000e+02   2.8434267e+02
   1.9000000e+02   2.8420012e+02
   1.9100000e+02   2.6881884e+02
   1.9200000e+02   2.6508488e+02
   1.9300000e+02   2.7733271e+02
   1.9400000e+02   2.7273506e+02
   1.9500000e+02   2.6690709e+02
   1.9600000e+02   2.7782395e+02
   1.9700000e+02   2.6284907e+02
   1.9800000e+02   2.6474395e+02
   1.9900000e+02   2.6821826e+02
   2.0000000e+02   2.6183605e+02
   2.0100000e+02   2.7452372e+02
   2.0200000e+02   2.5921852e+02
   2.0300000e+02   2.7099849e+02
   2.0400000e+02   2.7974105e+02
   2.0500000e+02   2.8667070e+02
   2.0600000e+02   2.7045477e+02
   2.0700000e+02   2.6983581e+02
   2.0800000e+02   2.5868176e+02
   2.0900000e+02   2.6776616e+02
   2.1000000e+02   2.5990616e+02
   2.1100000e+02   2.6399779e+02
   2.1200000e+02   2.6481035e+02
   2.1300000e+02   2.7747372e+02
   2.1400000e+02   2.8527756e+02
   2.1500000e+02   2.9408337e+02
   2.1600000e+02   2.9167279e+02
   2.1700000e+02   2.7975058e+02
   2.1800000e+02   2.7043907e+02
   2.1900000e+02   2.6575035e+02
   2.2000000e+02   2.8031384e+02
   2.2100000e+02   2.9004500e+02
   2.2200000e+02   2.9079536e+02
   2.2300000e+02   2.9269686e+02
   2.2400000e+02   2.8643709e+02
   2.2500000e+02   2.8644965e+02
   2.2600000e+02   2.7733148e+02
   2.2700000e+02   2.7197037e+02
   2.2800000e+02   2.5787692e+02
   2.2900000e+02   2.7332615e+02
   2.3000000e+02   2.8382667e+02
   2.3100000e+02   2.8301410e+02
   2.3200000e+02   2.7568603e+02
   2.3300000e+02   2.6261128e+02
   2.3400000e+02   2.7456821e+02
   2.3500000e+02   2.7190141e+02
   2.3600000e+02   2.6628615e+02
   2.3700000e+02   2.7237208e+02
   2.3800000e+02   2.6083662e+02
   2.3900000e+02   2.6241481e+02
   2.4000000e+02   2.8042636e+02
   2.4100000e+02   2.7813468e+02
   2.4200000e+02   2.9017684e+02
   2.4300000e+02   2.9203833e+02
   2.4400000e+02   2.9599709e+02
   2.4500000e+02   2.9778013e+02
   2.4600000e+02   2.9010418e+02
   2.4700000e+02   2.9649772e+02
   2.4800000e+02   2.9630654e+02
   2.4900000e+02   2.8290308e+02
   2.5000000e+02   2.7602769e+02
   2.5100000e+02   2.8887013e+02
   2.5200000e+02   2.9157551e+02
   2.5300000e+02   2.9465850e+02
   2.5400000e+02   2.8969862e+02
   2.5500000e+02   2.7127913e+02
   2.5600000e+02   2.8636013e+02
   2.5700000e+02   2.9217684e+02
   2.5800000e+02   2.9627169e+02
   2.5900000e+02   2.9825742e+02
