   1.5900000e+02   2.5147333e+02
   1.6000000e+02   2.4810482e+02
   1.6100000e+02   2.8867318e+02
   1.6200000e+02   2.8973000e+02
   1.6300000e+02   2.9315129e+02
   1.6400000e+02   2.7347494e+02
   1.6500000e+02   2.9008635e+02
   1.6600000e+02   2.9635271e+02
   1.6700000e+02   2.9551617e+02
   1.6800000e+02   2.8350353e+02
   1.6900000e+02   2.8344612e+02
   1.7000000e+02   2.5287388e+02
   1.7100000e+02   2.8952706e+02
   1.7200000e+02   2.9669788e+02
   1.7300000e+02   2.9246087e+02
   1.7400000e+02   2.9086859e+02
   1.7500000e+02   2.8624459e+02
   1.7600000e+02   2.6483282e+02
   1.7700000e+02   2.7344659e+02
   1.7800000e+02   2.6573306e+02
   1.7900000e+02   2.5727259e+02
   1.8000000e+02   2.6466459e+02
   1.8100000e+02   2.6112129e+02
   1.8200000e+02   2.5216282e+02
   1.8300000e+02   2.5407800e+02
   1.8400000e+02   2.5087847e+02
   1.8500000e+02   2.7626671e+02
   1.8600000e+02   2.8350824e+02
   1.8700000e+02   2.8320224e+02
   1.8800000e+02   2.7682212e+02
   1.8900000e+02   2.7367329e+02
   1.9000000e+02   2.7578906e+02
   1.9100000e+02   2.8458894e+02
   1.9200000e+02   2.8680494e+02
   1.9300000e+02   2.8964024e+02
   1.9400000e+02   2.8014671e+02
   1.9500000e+02   2.7697741e+02
   1.9600000e+02   2.6996247e+02
   1.9700000e+02   2.5771906e+02
   1.9800000e+02   2.6205988e+02
   1.9900000e+02   2.7848106e+02
   2.0000000e+02   2.8266388e+02
   2.0100000e+02   2.7395600e+02
   2.0200000e+02   2.7877106e+02
   2.0300000e+02   2.5721741e+02
   2.0400000e+02   2.5308482e+02
   2.0500000e+02   2.5503965e+02
   2.0600000e+02   2.5585212e+02
   2.0700000e+02   2.9106388e+02
   2.0800000e+02   2.9741741e+02
   2.0900000e+02   2.9721082e+02
   2.1000000e+02   2.9534271e+02
   2.1100000e+02   2.9641024e+02
   2.1200000e+02   2.9314447e+02
   2.1300000e+02   2.9530294e+02
   2.1400000e+02   2.8481953e+02
   2.1500000e+02   2.7088388e+02
   2.1600000e+02   2.7259035e+02
   2.1700000e+02   2.7148565e+02
   2.1800000e+02   2.8871424e+02
   2.1900000e+02   2.9414706e+02
   2.2000000e+02   2.9495871e+02
   2.2100000e+02   2.9686141e+02
   2.2200000e+02   2.6809082e+02
   2.2300000e+02   2.6827753e+02
   2.2400000e+02   2.5930376e+02
   2.2500000e+02   2.5888329e+02
   2.2600000e+02   2.9165160e+02
   2.2700000e+02   2.9688744e+02
   2.2800000e+02   2.9889237e+02
   2.2900000e+02   2.9861291e+02
   2.3000000e+02   2.9718699e+02
   2.3100000e+02   2.9147156e+02
   2.3200000e+02   2.8337539e+02
   2.3300000e+02   2.6196427e+02
   2.3400000e+02   2.7152653e+02
   2.3500000e+02   2.7966067e+02
   2.3600000e+02   2.7415587e+02
   2.3700000e+02   2.8384507e+02
   2.3800000e+02   2.9495200e+02
   2.3900000e+02   2.9423907e+02
   2.4000000e+02   2.9647480e+02
   2.4100000e+02   2.9610773e+02
   2.4200000e+02   2.8690373e+02
   2.4300000e+02   2.8702507e+02
   2.4400000e+02   2.8123533e+02
   2.4500000e+02   2.6484467e+02
   2.4600000e+02   2.6569125e+02
   2.4700000e+02   2.8044917e+02
   2.4800000e+02   2.6435486e+02
   2.4900000e+02   2.6866222e+02
   2.5000000e+02   2.8441845e+02
   2.5100000e+02   2.6767443e+02
   2.5200000e+02   2.8244786e+02
   2.5300000e+02   2.8819486e+02
   2.5400000e+02   2.8531814e+02
   2.5500000e+02   2.7552471e+02
   2.5600000e+02   2.8642914e+02
   2.5700000e+02   2.9414571e+02
   2.5800000e+02   2.9526329e+02
   2.5900000e+02   2.9600268e+02
